42
0 0 0 0 0 0 0 0 0 0 0 0 0 0 0 0 0 0 0 0 0 0 0 0 0 0 0 0 0 0 0 0 0 0 0 0 0 0 0 0 0 0
0 0 253 0 0 246 0 0 0 0 0 0 0 100 0 0 0 0 0 0 0 0 71 0 0 0 0 0 118 0 0 0 0 0 78 0 0 0 0 0 0 0
0 253 0 0 0 115 0 0 0 0 0 0 0 0 0 0 0 0 0 0 0 0 158 0 0 0 0 0 0 0 0 0 0 0 0 0 0 60 0 0 0 0
0 0 0 0 0 0 0 0 140 0 0 0 0 0 0 0 82 0 0 0 0 0 0 0 0 0 0 0 0 0 72 0 0 0 162 0 120 0 0 0 62 0
0 0 0 0 0 0 0 0 0 0 0 0 0 0 0 156 0 0 182 0 0 139 0 0 121 0 0 0 0 61 0 0 0 0 0 0 0 0 0 85 0 105
0 246 115 0 0 0 0 0 0 0 0 0 0 158 0 0 0 0 0 0 0 0 190 0 0 0 0 0 0 0 0 0 141 120 0 0 0 0 0 0 0 0
0 0 0 0 0 0 0 0 0 0 0 0 0 109 0 0 0 0 0 0 0 200 0 0 0 0 148 0 91 0 0 0 0 142 0 196 0 0 0 0 0 0
0 0 0 0 0 0 0 0 0 0 0 0 0 0 0 0 0 0 0 0 0 0 0 0 108 0 0 0 0 125 0 0 0 0 0 40 0 0 0 0 0 0
0 0 0 140 0 0 0 0 0 0 164 0 0 0 0 34 113 0 0 0 0 102 0 0 0 0 0 0 170 0 0 111 0 0 143 0 0 0 0 0 0 0
0 0 0 0 0 0 0 0 0 0 103 0 0 0 202 0 0 0 21 0 0 0 0 95 0 0 0 0 0 0 0 0 0 0 0 0 0 0 96 0 0 90
0 0 0 0 0 0 0 0 164 103 0 0 0 0 0 160 0 0 130 0 0 0 0 90 0 108 0 0 0 0 0 71 0 0 0 0 0 0 0 0 0 73
0 0 0 0 0 0 0 0 0 0 0 0 0 0 0 0 0 0 0 0 219 0 158 0 0 0 0 158 0 0 0 0 0 0 0 0 0 101 0 0 0 0
0 0 0 0 0 0 0 0 0 0 0 0 0 0 148 0 0 0 0 143 0 0 0 47 0 133 0 0 0 0 0 0 0 0 0 0 0 0 0 0 0 0
0 100 0 0 0 158 109 0 0 0 0 0 0 0 0 0 0 0 0 0 0 0 0 0 0 0 133 0 110 0 0 0 0 87 0 0 0 0 0 0 0 0
0 0 0 0 0 0 0 0 0 202 0 0 148 0 0 0 0 0 0 0 0 0 0 142 0 0 0 0 0 0 0 0 0 0 0 0 0 0 128 0 0 0
0 0 0 0 156 0 0 0 34 0 160 0 0 0 0 0 0 0 0 0 0 70 0 0 0 0 0 0 0 0 0 138 0 0 0 0 0 0 0 0 0 157
0 0 0 82 0 0 0 0 113 0 0 0 0 0 0 0 0 0 0 149 0 0 0 0 0 81 0 0 0 0 0 49 0 0 0 0 133 0 0 0 0 0
0 0 0 0 0 0 0 0 0 0 0 0 0 0 0 0 0 0 0 0 109 0 0 0 0 0 0 111 0 0 54 0 0 0 0 0 0 0 0 0 121 0
0 0 0 0 182 0 0 0 0 21 130 0 0 0 0 0 0 0 0 0 0 0 0 0 0 0 0 0 0 0 0 0 0 0 0 0 0 0 84 156 0 86
0 0 0 0 0 0 0 0 0 0 0 0 143 0 0 0 149 0 0 0 0 0 0 0 0 62 0 0 0 0 0 0 0 0 0 0 58 0 0 0 0 0
0 0 0 0 0 0 0 0 0 0 0 219 0 0 0 0 0 109 0 0 0 0 146 0 0 0 0 83 0 0 169 0 0 0 0 0 0 0 0 0 114 0
0 0 0 0 139 0 200 0 102 0 0 0 0 0 0 70 0 0 0 0 0 0 0 0 0 0 0 0 143 143 0 0 0 0 195 232 0 0 0 0 0 0
0 71 158 0 0 190 0 0 0 0 0 158 0 0 0 0 0 0 0 0 146 0 0 0 0 0 0 0 0 0 0 0 0 0 119 0 0 154 0 0 0 0
0 0 0 0 0 0 0 0 0 95 90 0 47 0 142 0 0 0 0 0 0 0 0 0 0 128 0 0 0 0 0 125 0 0 0 0 0 0 158 0 0 0
0 0 0 0 121 0 0 108 0 0 0 0 0 0 0 0 0 0 0 0 0 0 0 0 0 0 0 0 0 130 0 0 0 0 0 148 0 0 0 66 0 0
0 0 0 0 0 0 0 0 0 0 108 0 133 0 0 0 81 0 0 62 0 0 0 128 0 0 0 0 0 0 0 80 0 0 0 0 89 0 0 0 0 0
0 0 0 0 0 0 148 0 0 0 0 0 0 133 0 0 0 0 0 0 0 0 0 0 0 0 0 0 0 0 0 0 62 86 0 295 0 0 0 0 0 0
0 0 0 0 0 0 0 0 0 0 0 158 0 0 0 0 0 111 0 0 83 0 0 0 0 0 0 0 0 0 0 0 0 0 0 0 0 0 0 0 0 0
0 118 0 0 0 0 91 0 170 0 0 0 0 110 0 0 0 0 0 0 0 143 0 0 0 0 0 0 0 0 0 0 0 0 123 277 0 0 0 0 0 0
0 0 0 0 61 0 0 125 0 0 0 0 0 0 0 0 0 0 0 0 0 143 0 0 130 0 0 0 0 0 0 0 0 0 0 108 0 0 0 131 0 0
0 0 0 72 0 0 0 0 0 0 0 0 0 0 0 0 0 54 0 0 169 0 0 0 0 0 0 0 0 0 0 0 0 0 0 0 107 0 0 0 88 0
0 0 0 0 0 0 0 0 111 0 71 0 0 0 0 138 49 0 0 0 0 0 0 125 0 80 0 0 0 0 0 0 0 0 0 0 0 0 0 0 0 0
0 0 0 0 0 141 0 0 0 0 0 0 0 0 0 0 0 0 0 0 0 0 0 0 0 0 62 0 0 0 0 0 0 92 0 0 0 0 0 0 0 0
0 0 0 0 0 120 142 0 0 0 0 0 0 87 0 0 0 0 0 0 0 0 0 0 0 0 86 0 0 0 0 0 92 0 0 0 0 0 0 0 0 0
0 78 0 162 0 0 0 0 143 0 0 0 0 0 0 0 0 0 0 0 0 195 119 0 0 0 0 0 123 0 0 0 0 0 0 0 0 0 0 0 100 0
0 0 0 0 0 0 196 40 0 0 0 0 0 0 0 0 0 0 0 0 0 232 0 0 148 0 295 0 277 108 0 0 0 0 0 0 0 0 0 0 0 0
0 0 0 120 0 0 0 0 0 0 0 0 0 0 0 0 133 0 0 58 0 0 0 0 0 89 0 0 0 0 107 0 0 0 0 0 0 0 0 0 0 0
0 0 60 0 0 0 0 0 0 0 0 101 0 0 0 0 0 0 0 0 0 0 154 0 0 0 0 0 0 0 0 0 0 0 0 0 0 0 0 0 0 0
0 0 0 0 0 0 0 0 0 96 0 0 0 0 128 0 0 0 84 0 0 0 0 158 0 0 0 0 0 0 0 0 0 0 0 0 0 0 0 0 0 0
0 0 0 0 85 0 0 0 0 0 0 0 0 0 0 0 0 0 156 0 0 0 0 0 66 0 0 0 0 131 0 0 0 0 0 0 0 0 0 0 0 139
0 0 0 62 0 0 0 0 0 0 0 0 0 0 0 0 0 121 0 0 114 0 0 0 0 0 0 0 0 0 88 0 0 0 100 0 0 0 0 0 0 0
0 0 0 0 105 0 0 0 0 90 73 0 0 0 0 157 0 0 86 0 0 0 0 0 0 0 0 0 0 0 0 0 0 0 0 0 0 0 0 139 0 0